PhoneCharger: [[0, 3701], [23084, 61460], [74091, 83268], [93953, 111069], [118924, 123813], [147415, 148469]]
Desktop: [[16712, 30856], [44331, 69841], [87569, 104606], [108897, 114536], [128128, 143026]]
Monitor: [[5875, 14562], [18838, 27395], [32990, 42187], [46500, 55079], [59419, 96130]]
Humidifier: [[4806, 9224], [45432, 100103], [109994, 115740], [124924, 129323], [138525, 144226]]
LEDLamp: [[0, 2638], [26308, 82209], [102221, 107809], [117859, 122748], [131442, 135719], [146354, 148469]]
IncandescentBulb: []
ElectricCooker: []
InductionCooker: []
Kneader: [[8026, 12403], [20955, 25244], [35115, 40005], [48642, 52894], [78333, 134655]]
Stirrer: []
SmartScreen: [[1579, 37881], [57202, 64243], [76208, 81148], [91827, 98909], [106746, 121691], [132512, 137430]]
FluorescentLamp: [[10283, 50769], [66360, 71971], [85413, 89699], [101161, 116801], [125983, 130383], [139585, 145295]]
Television: [[6972, 13484], [24186, 28477], [41106, 47581], [53996, 67441], [79435, 84355], [95051, 133595]]
Roomba: [[511, 15653], [19896, 34079], [38944, 49739], [62532, 73050], [77268, 86516], [90759, 105704]]
Washer: [[0, 11343], [22019, 31928], [43251, 58259], [65301, 70911], [92888, 97194], [119983, 148469]]
MicrowaveOven: []
AirHeater: []
ElectricKettle: [[0, 17772], [36175, 51829], [56143, 60383], [75150, 88635], [112141, 127044], [140645, 148469]]
