PhoneCharger: []
Desktop: []
Monitor: []
Humidifier: []
LEDLamp: []
IncandescentBulb: [[508, 5819], [23982, 34404], [37608, 43721], [46044, 52159], [55388, 58565], [64954, 70276]]
ElectricCooker: [[1564, 3690], [10357, 30794], [39066, 41188], [48579, 50700], [56443, 62819], [67090, 69215]]
InductionCooker: [[4762, 6889], [17171, 36549], [42664, 47119], [53234, 60698], [63895, 66029]]
Kneader: []
Stirrer: [[2629, 13982], [20787, 27604], [40127, 49639], [57504, 59625], [61758, 68150]]
SmartScreen: []
FluorescentLamp: []
Television: []
Roomba: []
Washer: []
MicrowaveOven: [[8237, 11236], [11526, 12915], [15040, 18040], [18332, 19726], [21861, 24861], [25159, 26537], [28677, 31677], [31968, 33342], [35479, 38477], [38768, 41768], [42057, 45056], [45090, 48091], [48378, 51379], [51671, 54322]]
AirHeater: [[9297, 11821], [16096, 18632], [22922, 25443], [29734, 32254], [44780, 71336]]
ElectricKettle: []
