PhoneCharger: [[0, 5198], [10283, 49363], [104759, 115140], [120208, 131239], [135506, 146100], [150796, 155078]]
Desktop: [[0, 2897], [3105, 3315], [29491, 85497], [106905, 112500], [122362, 129007], [137660, 143542], [152950, 155078]]
Monitor: [[7742, 14977], [27411, 32033], [43875, 51550], [57942, 71391], [82014, 87653], [100463, 139802]]
Humidifier: []
LEDLamp: []
IncandescentBulb: [[0, 30552], [40271, 45334], [54751, 59003], [67531, 72457], [80938, 86568], [126627, 155078]]
ElectricCooker: [[0, 11350], [33103, 37751], [48302, 52615], [61125, 65406], [74587, 78812], [105820, 155078]]
InductionCooker: [[0, 8817], [13898, 26244], [63279, 83089], [91152, 103698], [107985, 121278], [130093, 136581], [151876, 155078]]
Kneader: [[510, 17508], [21956, 36687], [41734, 53687], [66466, 75627], [79872, 90077], [94732, 109046]]
Stirrer: [[0, 1576], [6674, 16444], [20890, 35628], [76686, 93673], [99383, 113971], [118743, 132321], [147173, 155078]]
SmartScreen: [[12419, 25161], [34171, 47040], [62194, 69242], [73526, 97917], [102616, 125567]]
FluorescentLamp: [[0, 19830], [39209, 55810], [60062, 64337], [77747, 92613], [117683, 133381], [148639, 155078]]
Television: []
Roomba: []
Washer: []
MicrowaveOven: [[0, 2694], [2993, 5991], [6288, 9286], [9578, 12579], [12866, 15865], [16159, 19158], [19193, 22193], [22492, 23448], [28394, 31392], [31680, 34679], [34976, 37975], [38272, 41271], [41563, 44564], [44867, 47866], [47902, 50462], [89013, 92015], [92308, 95308], [95605, 98607], [98909, 101547], [110125, 113123], [113416, 116417], [116709, 119709], [120001, 123000], [123287, 123857], [141148, 144146], [144431, 147431], [147724, 149730], [154027, 155078]]
AirHeater: [[4053, 18574], [42800, 56871], [70305, 96198], [116219, 134442], [138721, 145013]]
ElectricKettle: []
