PhoneCharger: [[15170, 68108], [78013, 82397], [92970, 97343], [107310, 111605], [121594, 125901]]
Desktop: [[50183, 71547], [75857, 85868], [90814, 100849], [105179, 115069], [119479, 145299]]
Monitor: [[0, 10246], [17446, 23865], [37384, 48043], [52548, 63853], [103043, 123770], [130310, 141814], [147557, 148610]]
Humidifier: [[547, 4923], [16265, 51364], [72648, 79206], [91911, 96283], [108406, 116269], [122690, 135777]]
LEDLamp: [[7041, 11310], [24929, 64918], [81329, 86935], [101854, 106246], [118394, 131373], [140733, 146372]]
IncandescentBulb: []
ElectricCooker: []
InductionCooker: []
Kneader: [[0, 3731], [8101, 19599], [32368, 41651], [45890, 54661], [58906, 73709], [117333, 132438], [136836, 148610]]
Stirrer: []
SmartScreen: [[1610, 13027], [28117, 35140], [39530, 61715], [65980, 88643], [128063, 139674]]
FluorescentLamp: [[0, 5983], [21719, 25995], [30239, 43777], [56781, 80266], [95089, 109467], [134582, 148610]]
Television: [[0, 14112], [18540, 38470], [76954, 89727], [98443, 110547], [127002, 133523], [137932, 148610]]
Roomba: [[0, 9166], [31304, 44836], [57840, 83459], [104101, 120535], [124835, 129124], [142883, 148610]]
Washer: [[20659, 29179], [33433, 42717], [46956, 55722], [59972, 69172], [74773, 112666]]
MicrowaveOven: []
AirHeater: []
ElectricKettle: [[0, 2672], [22783, 27050], [36203, 40592], [49107, 53601], [62772, 67042], [94029, 148610]]
