PhoneCharger: [[13987, 35198], [42610, 48740], [49232, 55980], [60636, 72982], [79976, 86531], [101347, 115096], [119758, 133790]]
Desktop: [[0, 28727], [45148, 51662], [65123, 70751], [82171, 97057], [106157, 112567], [122280, 128694], [144326, 157730]]
Monitor: [[0, 533], [40211, 53846], [62893, 75327], [91099, 99208], [104013, 131249], [136030, 157730]]
Humidifier: []
LEDLamp: []
IncandescentBulb: [[0, 7982], [19291, 24191], [36256, 76392], [98127, 105070], [118698, 123744], [137489, 145387], [151754, 157730]]
ElectricCooker: [[0, 3723], [12927, 17166], [26310, 31918], [46214, 48739], [49170, 89912], [107635, 114036], [130163, 134848], [147505, 157730]]
InductionCooker: [[5864, 10805], [34053, 39026], [61714, 102427], [116178, 125884], [140682, 156689]]
Kneader: [[0, 6923], [20350, 47274], [67290, 84297], [88852, 93342], [108694, 124805], [150690, 157730]]
Stirrer: [[1596, 15047], [29791, 48739], [49229, 54906], [68354, 83231], [109754, 132314], [149630, 154518]]
SmartScreen: [[4785, 9730], [18229, 23129], [32979, 37957], [77456, 139210], [148569, 153457]]
FluorescentLamp: [[2657, 11868], [16105, 25251], [30856, 48739], [49231, 58112], [117639, 141742], [146446, 155578]]
Television: []
Roomba: []
Washer: []
MicrowaveOven: [[41553, 44553], [44845, 47844], [48136, 51136], [51422, 52764], [57054, 60054], [60348, 63346], [63382, 66218], [71828, 74828], [74864, 77864], [78156, 81075], [85374, 88374], [88415, 91413], [91449, 94449], [94485, 94661], [100285, 103286], [103578, 106577], [106876, 109875], [110166, 113167], [113459, 116459], [116757, 119756], [120049, 123020], [123311, 126313], [126611, 129608], [129901, 132900], [133192, 136191], [136483, 139483], [139771, 142768], [143064, 143239]]
AirHeater: [[21415, 43671], [49070, 59172], [64050, 74044], [78917, 87594], [92282, 121196]]
ElectricKettle: []
