PhoneCharger: []
Desktop: []
Monitor: []
Humidifier: [[551, 6088], [23205, 32894], [36136, 41622], [43793, 49246], [52800, 56168], [62628, 68091]]
LEDLamp: [[1611, 3737], [10380, 29573], [37200, 39325], [45928, 48049], [53859, 60433], [64767, 66893]]
IncandescentBulb: []
ElectricCooker: []
InductionCooker: []
Kneader: []
Stirrer: []
SmartScreen: []
FluorescentLamp: []
Television: [[4891, 7171], [16775, 35044], [40423, 44871], [50342, 58313], [61530, 63705]]
Roomba: [[2676, 13563], [19960, 26388], [38259, 46989], [54919, 57233], [59373, 65833]]
Washer: [[8234, 12504], [14623, 18901], [21020, 25327], [27452, 31703], [33955, 51401]]
MicrowaveOven: []
AirHeater: []
ElectricKettle: [[9299, 11442], [15683, 17835], [22090, 24267], [28512, 30639], [42683, 69151]]
