PhoneCharger: [[0, 11328], [17737, 23420], [48302, 52594], [74305, 115880], [127882, 137523], [149918, 156934]]
Desktop: [[2659, 9167], [13487, 29376], [43637, 67135], [81538, 98311], [123213, 143112]]
Monitor: [[54728, 63659], [69269, 78980], [84075, 94437], [100851, 109403], [113688, 152059]]
Humidifier: []
LEDLamp: []
IncandescentBulb: [[0, 3725], [21956, 30844], [35523, 57915], [62172, 85134], [126823, 138598], [148858, 156934]]
ElectricCooker: [[14547, 18798], [24486, 40439], [53661, 77900], [93356, 108327], [133621, 153124]]
InductionCooker: [[0, 6260], [64738, 75374], [80459, 90832], [95519, 106202], [110487, 119735], [124300, 156934]]
Kneader: [[0, 36583], [56849, 61108], [71785, 76834], [86592, 91893], [102997, 107263], [132561, 156934]]
Stirrer: [[46839, 68203], [72844, 82604], [87657, 99777], [104062, 112620], [116952, 144579]]
SmartScreen: [[5188, 6756], [7033, 20898], [34461, 39377], [50464, 89360], [111553, 118659], [130445, 135333], [147797, 154831]]
FluorescentLamp: [[0, 511], [15608, 25552], [31903, 41498], [45776, 58979], [105127, 120798], [125758, 139658], [145643, 156934]]
Television: []
Roomba: []
Washer: []
MicrowaveOven: [[1584, 4583], [4875, 7875], [8167, 10261], [16680, 19681], [19974, 22973], [23260, 26261], [26547, 29546], [29838, 32838], [33131, 33393], [44710, 47710], [47999, 49396], [60052, 63052], [63343, 66341], [66639, 69639], [69931, 72929], [73222, 76222], [76515, 79514], [79801, 82801], [83098, 86099], [86390, 89390], [89683, 92684], [92971, 95970], [96263, 99264], [99562, 101936], [122135, 125136], [125435, 128433], [128731, 129375], [140735, 143736], [144023, 146732]]
AirHeater: [[0, 12398], [27010, 37643], [42557, 51526], [55790, 70727], [114746, 131502], [136392, 150979], [155887, 156934]]
ElectricKettle: []
