PhoneCharger: [[6407, 61510], [71401, 75772], [87423, 91727], [102825, 107884], [118585, 122979]]
Desktop: [[42658, 64992], [69282, 79541], [85263, 95615], [100685, 111360], [116031, 144298]]
Monitor: [[0, 535], [8531, 14914], [28595, 40488], [44786, 56714], [98140, 120742], [127649, 140434], [146865, 157459]]
Humidifier: []
LEDLamp: []
IncandescentBulb: [[0, 7468], [11712, 20224], [24488, 62593], [124058, 133747], [139352, 150048], [154296, 157459]]
ElectricCooker: [[5341, 13833], [18098, 43720], [104285, 126583], [131226, 141898], [147921, 156422]]
InductionCooker: [[0, 1607], [22366, 29667], [41569, 45858], [58197, 66074], [72481, 88499], [101762, 106424], [119659, 157459]]
Kneader: [[10652, 23425], [33261, 38307], [46918, 51574], [67133, 113886], [130166, 135206], [151106, 155357]]
Stirrer: [[0, 15979], [32196, 36847], [50114, 55634], [68192, 84177], [92800, 99200], [108949, 114950], [129107, 157459]]
SmartScreen: [[0, 4283], [19161, 26194], [31135, 54350], [59259, 82717], [125521, 138009], [148985, 157459]]
FluorescentLamp: [[0, 12773], [17038, 21284], [35786, 49055], [73541, 89563], [105345, 132687], [153235, 157459]]
Television: []
Roomba: []
Washer: []
MicrowaveOven: [[27529, 30529], [30821, 33822], [34114, 37115], [37402, 39406], [47990, 50991], [51279, 54279], [54572, 57570], [57856, 60350], [77135, 80135], [80422, 83422], [83710, 86357], [90637, 93638], [93930, 96929], [97217, 100218], [100503, 103503], [103796, 106797], [107084, 110085], [110382, 113382], [113674, 116675], [116966, 117524], [121820, 124819], [125117, 128117], [128414, 131413], [131701, 134701], [134998, 137998], [138290, 141291], [141583, 144581], [144871, 145794]]
AirHeater: [[9592, 34726], [52637, 70343], [74607, 81008], [96680, 112428], [136270, 152171]]
ElectricKettle: []
