PhoneCharger: [[508, 6090], [24457, 36692], [39910, 45538], [47668, 53269], [57110, 60352], [68112, 74725]]
Desktop: [[1594, 3926], [10390, 32821], [40995, 43377], [49840, 52172], [58189, 65980], [70277, 72610]]
Monitor: [[5001, 7180], [17408, 38846], [44454, 48756], [54346, 54404], [54424, 62514], [67051, 69193], [72601, 73013], [73300, 73806]]
Humidifier: []
LEDLamp: []
IncandescentBulb: []
ElectricCooker: []
InductionCooker: []
Kneader: [[2659, 14219], [21267, 28288], [42051, 50900], [59249, 61427], [63578, 71339]]
Stirrer: []
SmartScreen: [[8249, 13157], [15282, 20209], [22337, 27224], [29350, 35601], [37764, 56049]]
FluorescentLamp: [[9310, 11450], [16342, 18469], [23398, 25518], [30412, 33889], [46608, 75798]]
Television: []
Roomba: []
Washer: []
MicrowaveOven: []
AirHeater: []
ElectricKettle: []
