PhoneCharger: []
Desktop: []
Monitor: []
Humidifier: [[0, 53073], [62342, 67154], [76035, 81184], [90949, 95755], [104705, 109918], [145105, 146149]]
LEDLamp: [[0, 35243], [55216, 59783], [69289, 73880], [83704, 88388], [97894, 102544], [128031, 146149]]
IncandescentBulb: [[0, 4762], [9053, 45460], [101085, 110977], [116041, 124816], [129095, 137616], [141896, 146149]]
ElectricCooker: [[2642, 27353], [82244, 103610], [108319, 118212], [122695, 131232], [135490, 144016]]
InductionCooker: [[6896, 13321], [25191, 29483], [40985, 47595], [54161, 68228], [79590, 84781], [96834, 133361]]
Kneader: []
Stirrer: [[506, 15842], [20482, 33778], [38849, 49756], [63402, 72422], [77495, 87329], [92008, 106164]]
SmartScreen: []
FluorescentLamp: []
Television: [[0, 1583], [7993, 21966], [32717, 37385], [48697, 85870], [107260, 114578], [125911, 130172], [140838, 146149]]
Roomba: [[0, 3702], [16902, 26325], [30542, 39928], [44394, 57418], [100024, 117197], [121630, 134455], [138676, 146149]]
Washer: [[12248, 19422], [24115, 46520], [50814, 71426], [112435, 123756], [132285, 142957]]
MicrowaveOven: [[11191, 14191], [14483, 17484], [17782, 20782], [21074, 23055], [31620, 34619], [34907, 37906], [38201, 41199], [41235, 43333], [58721, 61720], [62013, 65012], [65304, 65959], [70368, 73304], [73598, 76598], [76890, 79846], [80143, 83143], [83435, 86436], [86728, 89727], [90020, 93019], [93307, 94560], [98969, 101967], [102264, 105265], [105552, 108552], [108845, 111844], [112141, 115143], [115435, 118434], [118470, 120560]]
AirHeater: [[0, 18362], [36308, 51880], [56276, 60848], [74940, 89454], [113497, 126965], [139741, 146149]]
ElectricKettle: [[5821, 10113], [14782, 28412], [42245, 64468], [78512, 93467], [119471, 136551]]
