PhoneCharger: [[0, 1587], [11645, 15980], [26011, 30335], [67522, 120914], [130763, 135035], [145090, 148274]]
Desktop: [[0, 5080], [9524, 19467], [23754, 49547], [103212, 124368], [128644, 138639], [142934, 148274]]
Monitor: [[7248, 28192], [35382, 46074], [51842, 63144], [69686, 76080], [89775, 101022], [105458, 116014]]
Humidifier: [[0, 8440], [12741, 24947], [31442, 38595], [52934, 64337], [68619, 79439], [114933, 136237], [144031, 148274]]
LEDLamp: [[0, 2661], [17052, 22663], [34197, 47139], [57822, 62063], [70744, 74999], [88589, 129705], [146155, 148274]]
IncandescentBulb: []
ElectricCooker: []
InductionCooker: []
Kneader: [[21598, 37397], [41772, 56762], [61003, 71804], [85398, 94632], [98881, 107469], [111713, 126494]]
Stirrer: []
SmartScreen: [[0, 33137], [43921, 54612], [65401, 81140], [87527, 92510], [113841, 118793], [140769, 148274]]
FluorescentLamp: [[0, 13801], [39653, 58883], [73938, 78246], [83278, 96762], [109592, 132896], [147220, 148274]]
Television: [[6188, 14883], [27108, 42858], [50657, 55699], [77182, 82220], [102131, 141851]]
Roomba: [[0, 532], [20534, 36365], [40712, 45021], [59943, 72899], [95696, 108559], [121978, 148274]]
Washer: [[29257, 84339], [93572, 97822], [106408, 110653], [119854, 125435], [133955, 139706]]
MicrowaveOven: []
AirHeater: []
ElectricKettle: [[10585, 66463], [86464, 90802], [99940, 104278], [112777, 117078], [127559, 131830]]
