PhoneCharger: []
Desktop: []
Monitor: []
Humidifier: [[34562, 46000], [55579, 67012], [82989, 89924], [94612, 117352], [121647, 142146]]
LEDLamp: [[0, 4117], [17374, 40946], [60030, 75931], [80779, 85113], [99295, 112969], [135539, 145749]]
IncandescentBulb: [[5181, 9912], [29154, 68059], [79319, 88313], [100360, 116155], [122707, 127015]]
ElectricCooker: [[0, 518], [22734, 35626], [49405, 74867], [93508, 109346], [114034, 118417], [131924, 145749]]
InductionCooker: [[0, 12048], [20618, 24877], [33466, 37757], [47077, 51545], [61113, 65820], [102502, 145749]]
Kneader: []
Stirrer: [[14165, 18440], [26998, 31279], [39885, 44407], [54081, 58971], [84047, 138800]]
SmartScreen: []
FluorescentLamp: []
Television: [[0, 1593], [6681, 15256], [19542, 28087], [32382, 69139], [123809, 133017], [137733, 145749]]
Roomba: [[8847, 13111], [21674, 25969], [50470, 105814], [125949, 130712], [139860, 144774]]
Washer: [[0, 10971], [30219, 36686], [48141, 53016], [64738, 71275], [78254, 92049], [103570, 108285], [119481, 145749]]
MicrowaveOven: [[0, 2593], [2880, 5881], [6173, 7777], [42286, 45286], [45583, 48584], [48620, 51619], [51922, 54922], [55225, 58225], [58262, 61260], [61562, 63672], [70211, 73210], [73512, 76511], [76547, 79547], [79838, 81887], [86191, 89190], [89487, 92486], [92783, 95782], [96090, 98230], [104655, 107653], [107939, 110940], [111247, 111903], [124885, 127886], [128189, 131189], [131231, 134232], [134528, 136628], [140939, 143938], [144241, 145749]]
AirHeater: [[3056, 16315], [56640, 72334], [77195, 90985], [95672, 106822], [120541, 129548], [134081, 143205]]
ElectricKettle: [[23800, 38822], [43348, 57702], [62579, 73798], [87253, 97131], [101419, 110416], [115095, 128480]]
