PhoneCharger: []
Desktop: []
Monitor: []
Humidifier: [[0, 16491], [38065, 45375], [57569, 61938], [73058, 79628], [86467, 99840], [110960, 115349], [126082, 146983]]
LEDLamp: [[0, 30856], [47733, 52793], [66213, 70898], [82148, 95391], [104094, 108763], [117469, 121751], [135028, 146983]]
IncandescentBulb: [[0, 514], [7716, 22212], [34445, 39524], [51333, 87533], [107299, 114157], [124986, 129718], [140339, 146983]]
ElectricCooker: [[0, 3072], [17550, 27268], [31921, 41644], [46675, 60745], [100899, 116410], [120690, 127142], [127577, 133968], [138220, 146983]]
InductionCooker: [[12370, 20090], [24747, 49209], [53880, 74134], [112033, 122827], [131852, 142475]]
Kneader: []
Stirrer: [[0, 5197], [10239, 14892], [29792, 44182], [67278, 80689], [93927, 118535], [136089, 146983]]
SmartScreen: []
FluorescentLamp: []
Television: [[1611, 43124], [54981, 64083], [75236, 90735], [97588, 101976], [123928, 128654]]
Roomba: [[0, 8781], [23675, 50292], [68736, 84338], [88591, 92875], [106234, 119661], [141398, 146983]]
Washer: [[0, 6657], [11298, 21153], [26203, 35904], [40584, 77360], [130778, 139280], [143538, 146983]]
MicrowaveOven: [[0, 2551], [2835, 5835], [6124, 9123], [9413, 12411], [12698, 15698], [15991, 18990], [19288, 22286], [22578, 25576], [25863, 28862], [29154, 32154], [32447, 35446], [35743, 38743], [39035, 42034], [42326, 45325], [45613, 48613], [48905, 51904], [52196, 55196], [55493, 56467], [65156, 68155], [68454, 69830], [78434, 81435], [81726, 83242], [91810, 94809], [95098, 96485], [105173, 108172], [108464, 109857], [144878, 146983]]
AirHeater: [[0, 36965], [58629, 62998], [71963, 76302], [85371, 89652], [98647, 103034], [127469, 146983]]
ElectricKettle: [[0, 4132], [13831, 18614], [28327, 33381], [59689, 113093], [132907, 137154], [145941, 146983]]
