PhoneCharger: []
Desktop: [[41538, 42960], [47186, 48540]]
Monitor: []
Humidifier: [[0, 4506], [9077, 18729], [23401, 61139], [115554, 125036], [129711, 139578], [144657, 150037]]
LEDLamp: [[0, 1848], [11494, 16072], [40410, 98045], [118104, 122380], [132245, 136920], [146813, 150037]]
IncandescentBulb: [[2912, 12526], [17535, 26555], [30830, 39351], [45386, 55671], [59945, 96985]]
ElectricCooker: [[0, 5566], [10136, 19784], [24461, 32956], [37209, 49257], [53505, 78683], [133311, 150037]]
InductionCooker: [[35092, 57822], [64664, 76557], [80819, 92287], [99127, 105537], [119181, 130784], [135859, 147883]]
Kneader: []
Stirrer: [[7981, 51377], [67190, 71868], [85112, 90161], [101280, 114459], [123445, 128614], [138386, 143163]]
SmartScreen: []
FluorescentLamp: []
Television: [[0, 21207], [27651, 38290], [44324, 56753], [63580, 70806], [84051, 95925], [100222, 110871], [148986, 150037]]
Roomba: [[0, 13981], [29769, 34035], [50316, 54656], [66125, 79766], [88698, 93768], [102339, 106600], [120240, 150037]]
Washer: [[25489, 36150], [46445, 58886], [75482, 81882], [86577, 108721], [113393, 134777]]
MicrowaveOven: [[790, 3791], [4084, 7083], [7375, 10272], [10560, 13391], [13684, 16684], [16976, 19944], [20200, 22300], [62484, 65485], [65780, 68779], [69073, 72072], [72362, 74416], [82955, 85954], [86250, 89248], [89540, 92541], [92831, 94838], [109793, 112792], [113083, 116084], [116377, 117043], [121318, 124318], [124610, 127608], [127896, 130896], [131187, 134190], [134478, 137477], [137769, 140769], [141056, 144057], [144348, 145747]]
AirHeater: [[15012, 28710], [41475, 69721], [87637, 103405], [107660, 111931], [126095, 140639]]
ElectricKettle: [[6624, 31891], [52440, 68255], [73328, 77622], [91219, 104465], [127150, 142099]]
