PhoneCharger: [[0, 1601], [5841, 18076], [25183, 32913], [45973, 58213], [62454, 74476], [111784, 132353], [138998, 149931]]
Desktop: [[0, 11677], [15953, 28639], [41665, 51815], [56089, 65902], [70173, 84501], [125279, 142434], [146703, 149931]]
Monitor: [[8217, 20252], [37416, 43849], [48358, 72351], [76853, 98348], [136878, 148881]]
Humidifier: [[0, 7035], [19171, 36230], [42769, 47172], [71269, 75668], [97266, 135691], [147800, 149931]]
LEDLamp: [[0, 12748], [29706, 33977], [38477, 52886], [66969, 90521], [104330, 117802], [143498, 149931]]
IncandescentBulb: [[0, 149931]]
ElectricCooker: []
InductionCooker: []
Kneader: [[13806, 30766], [35037, 39534], [53945, 68030], [91584, 105397], [118866, 144564]]
Stirrer: []
SmartScreen: [[0, 23059], [78933, 89460], [94055, 103271], [107540, 116742], [121011, 130218], [134496, 149931]]
FluorescentLamp: [[0, 3724], [60333, 81060], [86624, 96172], [100471, 109665], [113904, 123139], [127409, 149931]]
Television: [[21354, 77871], [87719, 92661], [101567, 106478], [115001, 119947], [128505, 133432]]
Roomba: [[2663, 59273], [79995, 85586], [95111, 99414], [108600, 112845], [122073, 126375]]
Washer: [[0, 524], [4782, 17013], [24123, 31831], [44914, 57151], [61393, 73415], [110724, 131276], [137939, 149931]]
MicrowaveOven: []
AirHeater: []
ElectricKettle: [[0, 9278], [14871, 26251], [40592, 49421], [55010, 63518], [69093, 82120], [124198, 140060], [145629, 149931]]
