PhoneCharger: [[3721, 27141], [32070, 51463], [90327, 102586], [111801, 123255], [140174, 148231]]
Desktop: [[7994, 22855], [45023, 59399], [72369, 98090], [116069, 133117], [138052, 143875]]
Monitor: [[34231, 42850], [47230, 55800], [61543, 61575], [61614, 70086], [74610, 83094], [88289, 125444]]
Humidifier: [[48250, 56997], [62630, 71284], [75600, 84292], [89268, 99293], [103694, 141373]]
LEDLamp: [[0, 31006], [50370, 54715], [64750, 69001], [77720, 82007], [91388, 95683], [122110, 149299]]
IncandescentBulb: []
ElectricCooker: []
InductionCooker: []
Kneader: [[0, 15118], [36350, 40652], [49310, 53650], [63685, 67935], [76654, 80942], [107515, 149299]]
Stirrer: []
SmartScreen: [[1578, 12899], [17271, 29943], [65814, 86043], [92451, 105390], [109680, 120996], [127572, 135884]]
FluorescentLamp: [[0, 5852], [10116, 19393], [24984, 38477], [78785, 94572], [100357, 113923], [118199, 129693], [146086, 149299]]
Television: [[0, 2658], [16214, 28233], [33168, 43936], [79883, 101442], [108619, 119281], [124363, 136963], [144978, 149299]]
Roomba: [[11181, 20456], [26045, 35290], [39535, 52590], [93513, 110743], [114979, 128633], [134182, 147149]]
Washer: [[0, 6911], [13960, 18333], [41713, 46085], [66875, 106456], [117129, 126509], [139109, 149299]]
MicrowaveOven: []
AirHeater: []
ElectricKettle: [[510, 4787], [9055, 23925], [37416, 60471], [73430, 87109], [112861, 130752]]
