PhoneCharger: [[0, 2652], [10911, 19103], [32347, 44925], [49185, 61760], [99596, 121616], [128946, 142577], [147624, 158277]]
Desktop: [[524, 14784], [28049, 37961], [42655, 52677], [57361, 72148], [113692, 132805], [137897, 153699]]
Monitor: [[0, 5201], [23480, 30222], [34575, 59534], [64025, 85600], [126823, 140452], [150273, 158277]]
Humidifier: []
LEDLamp: []
IncandescentBulb: [[0, 9453], [48125, 69319], [78152, 88818], [94270, 105551], [112213, 120446], [136817, 148689], [154773, 158277]]
ElectricCooker: [[4115, 20176], [62840, 80282], [84520, 91606], [92136, 98536], [102776, 114754], [130405, 141517], [146560, 157268]]
InductionCooker: [[6678, 11985], [33424, 75390], [86692, 96415], [107690, 125229], [134291, 138969]]
Kneader: [[0, 16945], [21236, 25501], [40107, 54818], [79216, 91606], [91805, 93202], [106610, 135352], [155801, 158277]]
Stirrer: [[0, 1592], [26561, 41172], [55877, 82402], [100656, 117273], [122694, 127886], [144040, 158277]]
SmartScreen: [[0, 8386], [66126, 77096], [81344, 90528], [95340, 104485], [108755, 118982], [124161, 158277]]
FluorescentLamp: [[0, 47066], [68257, 74318], [83460, 87755], [97477, 101717], [111152, 115814], [145100, 158277]]
Television: []
Roomba: []
Washer: []
MicrowaveOven: [[0, 2950], [3238, 6238], [6526, 9527], [9818, 12818], [13106, 15882], [24443, 27444], [27735, 29139], [39044, 42044], [42338, 43745], [53760, 56761], [57054, 58452], [67200, 70201], [70492, 73257], [110095, 113096], [113383, 116384], [116682, 119681], [119978, 122979], [123276, 126275], [126572, 129574], [129865, 132865], [133157, 136158], [136451, 139450], [139740, 142740], [143035, 146035], [146327, 149326], [149623, 152591], [152878, 155845], [156146, 158277]]
AirHeater: [[18008, 22296], [31287, 35555], [46005, 50248], [60598, 65063], [92034, 151336]]
ElectricKettle: []
