PhoneCharger: []
Desktop: []
Monitor: []
Humidifier: [[6687, 18665], [28248, 39569], [56538, 63571], [67887, 90374], [95054, 116554]]
LEDLamp: [[13870, 32769], [50071, 54367], [58698, 72190], [85989, 109819], [123751, 137651]]
IncandescentBulb: [[0, 5193], [46353, 57644], [66787, 77645], [93959, 101342], [106608, 129230], [134016, 151025]]
ElectricCooker: [[0, 12412], [26931, 53308], [71073, 87056], [91434, 96514], [110883, 124817], [148905, 151025]]
InductionCooker: [[0, 520], [10292, 14949], [24414, 29534], [38207, 43678], [80239, 136590], [146389, 151025]]
Kneader: []
Stirrer: [[0, 3048], [7748, 17472], [22278, 31709], [36052, 61928], [117763, 139122], [143719, 151025]]
SmartScreen: []
FluorescentLamp: []
Television: [[0, 4131], [42406, 97601], [107704, 111965], [121628, 125894], [135517, 140203], [150003, 151025]]
Roomba: [[23337, 79156], [100127, 105554], [114081, 119437], [128016, 132957], [142661, 147450]]
Washer: [[1585, 8813], [21218, 25673], [37116, 45243], [52196, 65728], [76579, 81300], [92899, 130437]]
MicrowaveOven: [[0, 2573], [2866, 5865], [6162, 9163], [9455, 12454], [12747, 15749], [16036, 19035], [19326, 20153], [41068, 44068], [44360, 47360], [47652, 49006], [59771, 62760], [63052, 64664], [75469, 78471], [78764, 81763], [82062, 82789], [89184, 92185], [92472, 95471], [95764, 98763], [99060, 102060], [102353, 104293], [115309, 118307], [118594, 120520], [131727, 134725], [135021, 138022], [138315, 141281], [141541, 144541], [144829, 147829], [148121, 151025]]
AirHeater: [[33834, 51138], [55426, 68949], [73301, 84926], [98668, 108758], [113022, 122688], [126957, 141234]]
ElectricKettle: [[0, 11352], [16412, 30645], [34946, 47916], [60822, 70016], [74377, 83861], [88115, 103052], [145239, 151025]]
