python ./Predict.py ../../../dataset/CreateDataSet/ 17
IncandescentBulb [[0, 4732], [9025, 33749], [38840, 45430], [63392, 87317], [101057, 110961], [116014, 124786], [129068, 137586], [141868, 10000000]]
ElectricCooker [[2613, 27323], [82215, 103580], [108289, 118182], [122666, 131202], [135461, 143986]]
InductionCooker [[6866, 13292], [25161, 29454], [40955, 47566], [79560, 84752], [96804, 133332]]
Stirrer [[479, 87299], [91980, 10000000]]
SmartScreen [[0, 10000000]]
Television [[0, 1554], [7963, 15824], [32687, 37355], [48672, 85840], [107235, 114550], [125882, 130142], [140809, 10000000]]
Washer [[12224, 19392], [24092, 46490], [50791, 71396], [112411, 123726], [132262, 142927]]
MicrowaveOven [[11161, 14161], [14453, 17454], [17752, 20752], [21044, 23025], [31591, 34589], [34877, 37876], [38171, 41169], [41205, 43303], [58692, 61690], [61983, 64982], [65274, 65929], [70338, 73274], [73569, 76568], [76861, 79816], [80113, 83114], [83405, 86407], [86699, 89697], [89990, 92989], [93277, 94530], [98939, 101937], [102234, 105235], [105522, 108522], [108815, 111814], [112111, 115113], [115405, 118405], [118441, 120531]]
AirHeater [[0, 18333], [36279, 51850], [56247, 60818], [74911, 89424], [113467, 126935], [139711, 10000000]]
ElectricKettle [[5791, 10083], [14752, 28382], [42215, 64438], [78483, 93437], [119442, 136521]]
Monitor [ ]
Monitor [ ]
Humidifier [ 62312, 76006, 90920, 104675, 145076, ]
Humidifier [ 53043, 67124, 81154, 95725, 109887, ]
LEDLamp [ ]
LEDLamp [ 59753, 88358, ]
Kneader [ ]
Kneader [ ]
FluorescentLamp [ 128002, ]
FluorescentLamp [ 35215, 59756, ]
Cycle number:	 146118
Prepare time:	 3172.555685043335
Classification time:	 5178.286075592041
