python ./Predict.py ../../../dataset/CreateDataSet/ 15
IncandescentBulb [[0, 7952], [19265, 24161], [36229, 48879], [98100, 105040], [118671, 123714], [137462, 145358], [151727, 10000000]]
ElectricCooker [[0, 3693], [12898, 17136], [26280, 49140], [46185, 89882], [107606, 114006], [130134, 134818], [147476, 10000000]]
InductionCooker [[5834, 10776], [34023, 38997], [61684, 102398], [116148, 125855], [140652, 156660]]
Stirrer [[1569, 10000000]]
SmartScreen [[4891, 9166], [18333, 22619], [33079, 37459], [77560, 138704], [148670, 152957]]
Television [[0, 10000000]]
Washer [[0, 10000000]]
MicrowaveOven [[41524, 44523], [44816, 47814], [48107, 51106], [51393, 52734], [57024, 60024], [60318, 63316], [63352, 66188], [71798, 74798], [74834, 77834], [78127, 81045], [85344, 88344], [88385, 91383], [91419, 94419], [94455, 94631], [100255, 103256], [103548, 106547], [106846, 109845], [110136, 113137], [113429, 116430], [116727, 119726], [120020, 122990], [123281, 126283], [126581, 129578], [129871, 132870], [133162, 136161], [136453, 139453], [139741, 142738], [143034, 143209]]
AirHeater [[21386, 43641], [49040, 59142], [64020, 74014], [78887, 87564], [92253, 121166]]
ElectricKettle [[0, 10000000]]
Monitor [ 136019, ]
Monitor [ 53804, 53958, ]
Humidifier [ ]
Humidifier [ ]
LEDLamp [ ]
LEDLamp [ ]
Kneader [ 20321, 67260, 88823, 108665, 150661, ]
Kneader [ 6893, 47244, 84266, 93314, 124775, ]
FluorescentLamp [ 16084, 30827, 117602, 146417, ]
FluorescentLamp [ 11839, 25221, 141713, 155553, ]
Cycle number:	 157699
Prepare time:	 3934.673070907593 ms
Classification time:	 4785.531044006348 ms
