python ./Predict.py ../../../dataset/CreateDataSet/ 13
IncandescentBulb [[0, 10000000]]
ElectricCooker [[0, 10000000]]
InductionCooker [[0, 10000000]]
Stirrer [[0, 10000000]]
SmartScreen [[1678, 37380], [57306, 63741], [76308, 80640], [91933, 98405], [106848, 121191], [132606, 136932]]
Television [[0, 13454], [24157, 28447], [41077, 47551], [53967, 67412], [79405, 84325], [95021, 133565]]
Washer [[0, 11313], [21995, 31898], [43226, 58229], [65277, 70881], [92864, 97164], [119958, 10000000]]
MicrowaveOven [[0, 10000000]]
AirHeater [[0, 10000000]]
ElectricKettle [[0, 17742], [36146, 51799], [56114, 60353], [75121, 88605], [112111, 127014], [140616, 10000000]]
Monitor [ 5980, 46605, 59424, ]
Monitor [ 14516, 14674, 27351, 42143, 46562, 55033, 96085, ]
Humidifier [ 4778, 45404, 109965, 124894, 138495, ]
Humidifier [ 9194, 100073, 115710, 129293, 144195, ]
LEDLamp [ 26280, 102194, 117831, 131413, 146326, ]
LEDLamp [ 2608, 82179, 107779, 122718, 135689, ]
Kneader [ 7998, 20926, 35086, 48614, 78305, ]
Kneader [ 12373, 25214, 39975, 52867, 134625, ]
FluorescentLamp [ 10253, 66331, 85386, 101132, 125953, 139556, ]
FluorescentLamp [ 50739, 71941, 89669, 116771, 130352, 145266, ]
Cycle number:	 148438
Prepare time:	 3631.4826011657715 ms
Classification time:	 4899.909973144531 ms
