python ./Predict.py ../../../dataset/CreateDataSet/ 16
IncandescentBulb [[0, 10000000]]
ElectricCooker [[0, 10000000]]
InductionCooker [[0, 10000000]]
Stirrer [[0, 133494]]
SmartScreen [[1702, 12521], [28223, 34641], [39637, 61209], [66089, 88145], [128170, 139117]]
Television [[0, 14082], [18510, 38440], [76926, 89697], [98414, 110517], [126974, 133496], [137902, 10000000]]
Washer [[20636, 29149], [33410, 42687], [46932, 55692], [59948, 69142], [74750, 112636]]
MicrowaveOven [[0, 10000000]]
AirHeater [[0, 10000000]]
ElectricKettle [[0, 2642], [22754, 27020], [36174, 40562], [49078, 53572], [62742, 67012], [94000, 10000000]]
Monitor [ ]
Monitor [ ]
Humidifier [ 518, 16236, 72619, 91881, 108376, 122660, ]
Humidifier [ 4893, 51334, 79176, 96253, 116239, 135748, ]
LEDLamp [ ]
LEDLamp [ 11280, 86907, 131345, 146343, ]
Kneader [ 8073, 32340, 45861, 58878, 117305, 136810, ]
Kneader [ 3701, 19569, 41621, 54631, 73679, 132408, ]
FluorescentLamp [ 24900, 30210, ]
FluorescentLamp [ 5953, 45093, 80238, ]
Cycle number:	 148579
Prepare time:	 4097.35631942749
Classification time:	 5367.105007171631
