python ./Predict.py ../../../dataset/CreateDataSet/ 10
IncandescentBulb [[0, 77841]]
ElectricCooker [[0, 10000000]]
InductionCooker [[0, 10000000]]
Stirrer [[0, 77843]]
SmartScreen [[0, 22558], [79030, 88906], [94151, 102772], [107635, 116185], [121106, 129711], [134593, 10000000]]
Television [[21325, 77842], [87708, 92631], [101537, 106448], [114976, 119918], [128475, 133402]]
Washer [[0, 494], [4757, 16983], [24098, 31801], [44889, 57121], [61369, 73385], [110700, 131246], [137915, 10000000]]
MicrowaveOven [[0, 10000000]]
AirHeater [[0, 10000000]]
ElectricKettle [[0, 9249], [14842, 26221], [40563, 49391], [54980, 63488], [69064, 82090], [124169, 140030], [145600, 10000000]]
Monitor [ 136862, ]
Monitor [ 4518, 20362, 43805, 98303, ]
Humidifier [ 19142, 42740, 71240, 97237, 147770, ]
Humidifier [ 7005, 36200, 47142, 75639, 135661, ]
LEDLamp [ 38448, 66940, 104302, 143470, ]
LEDLamp [ 12719, 33947, 52856, 90491, 117772, ]
Kneader [ 13778, 35008, 53916, 91556, 118838, ]
Kneader [ 30736, 39504, 68000, 105368, 144534, ]
FluorescentLamp [ 60304, 86595, 100441, 113875, 127379, ]
FluorescentLamp [ 96142, 109635, 123109, ]
Cycle number:	 149900
Prepare time:	 4236.568212509155 ms
Classification time:	 4809.367418289185 ms
