python ./Predict.py ../../../dataset/CreateDataSet/ 14
IncandescentBulb [[5154, 9882], [29127, 68029], [79292, 116125], [122680, 126986]]
ElectricCooker [[0, 488], [22705, 35596], [49376, 74837], [93478, 109316], [114005, 118387], [131895, 10000000]]
InductionCooker [[0, 12018], [20589, 24847], [33437, 37727], [47048, 51515], [61084, 65790], [102473, 10000000]]
Stirrer [[14137, 10000000]]
SmartScreen [[0, 10000000]]
Television [[0, 1563], [6652, 15226], [19512, 28057], [32352, 69109], [123780, 132988], [137724, 10000000]]
Washer [[0, 10941], [30189, 36656], [48117, 52986], [64714, 71245], [78230, 92019], [103545, 108255], [119457, 10000000]]
MicrowaveOven [[0, 2563], [2851, 5851], [6144, 7747], [42256, 45256], [45554, 48554], [48590, 51589], [51893, 54893], [55195, 58195], [58232, 61231], [61532, 63643], [70181, 73180], [73482, 76481], [76517, 79518], [79808, 81858], [86161, 89162], [89457, 92457], [92753, 95754], [96060, 98201], [104625, 107624], [107909, 110910], [111217, 111873], [124855, 127856], [128159, 131159], [131202, 134204], [134499, 136600], [140909, 143908], [144211, 10000000]]
AirHeater [[3027, 16285], [56611, 72304], [77165, 90955], [95642, 106792], [120512, 129518], [134051, 143175]]
ElectricKettle [[23770, 38792], [43318, 57672], [62549, 73768], [87224, 97101], [101390, 110386], [115066, 128450]]
Monitor [ ]
Monitor [ ]
Humidifier [ 34532, 55550, 82959, 94583, 121618, ]
Humidifier [ 45970, 66982, 89894, 117322, 142116, ]
LEDLamp [ 17346, 60002, 80750, 99266, ]
LEDLamp [ 4087, 40916, 75910, 85084, 112939, ]
Kneader [ ]
Kneader [ ]
FluorescentLamp [ 135512, 142988, ]
FluorescentLamp [ ]
Cycle number:	 145718
Prepare time:	 3469.2111015319824
Classification time:	 5255.905628204346
