python ./Predict.py ../../../dataset/CreateDataSet/ 12
IncandescentBulb [[0, 30522], [40243, 45304], [54724, 72427], [80911, 86539], [126599, 10000000]]
ElectricCooker [[0, 11320], [33074, 37721], [48273, 52585], [61096, 65376], [74558, 78782], [105790, 10000000]]
InductionCooker [[0, 8787], [13869, 26213], [63250, 83059], [91123, 103668], [107956, 121247], [130064, 136551], [151847, 10000000]]
Stirrer [[0, 1546], [6647, 16413], [20863, 35598], [76659, 93643], [99353, 132292], [147145, 10000000]]
SmartScreen [[12517, 24663], [34286, 46538], [62296, 68737], [73628, 97415], [102718, 125067]]
Television [[0, 10000000]]
Washer [[0, 10000000]]
MicrowaveOven [[0, 2664], [2963, 5961], [6259, 9256], [9548, 12549], [12836, 15835], [16129, 19128], [19163, 22163], [22462, 23418], [28364, 31362], [31650, 34649], [34946, 37945], [38242, 41241], [41533, 44535], [44837, 47836], [47872, 50433], [88984, 91985], [92278, 95278], [95576, 98577], [98879, 101517], [110095, 113093], [113387, 116387], [116679, 119680], [119971, 122971], [123257, 123827], [141119, 144116], [144401, 147401], [147694, 149700], [153997, 10000000]]
AirHeater [[4024, 18544], [42770, 56841], [70276, 96168], [116190, 134412], [138691, 144983]]
ElectricKettle [[0, 10000000]]
Monitor [ 7846, 15134, 27423, 43980, 58048, 82114, 100567, 105380, 136107, ]
Monitor [ 14932, 31988, 51505, 51659, 71546, 87608, 105877, 139757, ]
Humidifier [ ]
Humidifier [ ]
LEDLamp [ ]
LEDLamp [ ]
Kneader [ 481, 21927, 41705, 66438, 79844, 94703, ]
Kneader [ 17487, 36658, 53657, 75598, 90049, 109017, ]
FluorescentLamp [ 39182, 60033, 77717, 148609, ]
FluorescentLamp [ 19800, 64307, 92584, 133351, ]
Cycle number:	 155047
Prepare time:	 3876.2738704681396 ms
Classification time:	 4638.748407363892 ms
