python ./Predict.py ../../../dataset/CreateDataSet/ 11
IncandescentBulb [[7688, 22182], [34417, 39494], [51306, 87503], [107271, 114128], [124959, 129688], [140311, 10000000]]
ElectricCooker [[0, 3042], [17520, 27238], [31891, 41614], [46645, 60715], [100869, 116380], [120661, 127112], [127547, 133938], [138190, 10000000]]
InductionCooker [[12341, 20060], [24718, 49179], [53851, 74104], [112004, 122797], [131823, 142445]]
Stirrer [[1584, 5167], [10213, 14862], [29766, 44152], [67248, 80658], [93901, 118505], [136059, 10000000]]
SmartScreen [[0, 10000000]]
Television [[1581, 43094], [54951, 64053], [75213, 90706], [97559, 101946], [123898, 128624]]
Washer [[0, 6632], [11274, 21123], [26178, 35874], [40559, 77330], [130753, 139250], [143508, 10000000]]
MicrowaveOven [[0, 2521], [2805, 5805], [6094, 9093], [9383, 12381], [12668, 15668], [15962, 18960], [19258, 22257], [22548, 25546], [25834, 28834], [29124, 32128], [32417, 35417], [35713, 38713], [39005, 42004], [42296, 45295], [45583, 48583], [48875, 51874], [52166, 55167], [55463, 56437], [65126, 68126], [68424, 69801], [78404, 81405], [81697, 83212], [91780, 94779], [95068, 96455], [105144, 108142], [108434, 109827], [144848, 10000000]]
AirHeater [[0, 36935], [58600, 62968], [71933, 76272], [85342, 89622], [98618, 103004], [127440, 10000000]]
ElectricKettle [[0, 4102], [13802, 18584], [28298, 33351], [59660, 113063], [132878, 137124], [145911, 10000000]]
Monitor [ ]
Monitor [ ]
Humidifier [ 38036, 57540, 73028, 86438, 110931, 126052, ]
Humidifier [ 16461, 45346, 61908, 79598, 99810, 115319, ]
LEDLamp [ 47703, 66185, 104066, 117442, 134999, ]
LEDLamp [ 30826, 52763, 70871, 121722, ]
Kneader [ ]
Kneader [ ]
FluorescentLamp [ 838, 14174, 23931, 29422, 29820, 30546, 82126, 134998, 145951, ]
FluorescentLamp [ 3280, 15000, 15493, 17751, 30113, 30256, 30388, 95362, 108732, 146366, ]
Cycle number:	 146952
Prepare time:	 4464.899063110352 ms
Classification time:	 4700.129270553589 ms
