python ./Predict.py ../../../dataset/CreateDataSet/ 3
IncandescentBulb [[0, 7438], [11685, 20194], [24461, 62564], [124034, 133717], [139324, 150019], [154269, 10000000]]
ElectricCooker [[5312, 13803], [18069, 43690], [104256, 126553], [131197, 141868], [147892, 156392]]
InductionCooker [[0, 1577], [22348, 29636], [41539, 45827], [58167, 66043], [72451, 88467], [101732, 106393], [119629, 10000000]]
Stirrer [[32169, 10000000]]
SmartScreen [[0, 3793], [19267, 25696], [31233, 53844], [59363, 82214], [125624, 137455], [149087, 10000000]]
Television [[0, 10000000]]
Washer [[0, 10000000]]
MicrowaveOven [[27499, 30499], [30791, 33792], [34085, 37085], [37372, 39376], [47961, 50961], [51249, 54249], [54542, 57540], [57827, 60320], [77105, 80105], [80392, 83392], [83680, 86327], [90608, 93608], [93900, 96899], [97187, 100188], [100473, 103473], [103766, 106767], [107055, 110055], [110352, 113352], [113646, 116645], [116937, 117494], [121791, 124789], [125087, 128087], [128385, 131383], [131671, 134671], [134969, 137969], [138261, 141261], [141553, 144551], [144842, 145765]]
AirHeater [[9563, 34696], [52608, 70313], [74578, 80978], [96651, 112398], [136241, 152141]]
ElectricKettle [[0, 10000000]]
Monitor [ ]
Monitor [ ]
Humidifier [ ]
Humidifier [ ]
LEDLamp [ ]
LEDLamp [ 51551, ]
Kneader [ 10624, 33232, 46889, 67104, 130137, 151078, ]
Kneader [ 23395, 38277, 51544, 113856, 135176, 155327, ]
FluorescentLamp [ 17012, 73514, 105317, 153206, ]
FluorescentLamp [ 12744, 21254, 49025, 89533, ]
Cycle number:	 157428
Prepare time:	 3397.8567123413086
Classification time:	 5342.078447341919
