python ./Predict.py ../../../dataset/CreateDataSet/ 4
IncandescentBulb [[0, 133087]]
ElectricCooker [[0, 10000000]]
InductionCooker [[0, 10000000]]
Stirrer [[0, 10000000]]
SmartScreen [[1682, 12391], [17373, 29437], [65918, 85481], [92553, 104894], [109784, 120495], [127678, 135390]]
Television [[0, 2628], [16186, 28203], [33138, 43906], [79853, 101412], [108602, 119253], [124346, 136933], [144948, 10000000]]
Washer [[0, 6881], [13935, 18303], [41688, 46055], [66850, 106426], [117099, 126479], [139084, 10000000]]
MicrowaveOven [[0, 10000000]]
AirHeater [[0, 10000000]]
ElectricKettle [[480, 4757], [9026, 23895], [37387, 60441], [73401, 87079], [112831, 130722]]
Monitor [ ]
Monitor [ ]
Humidifier [ 48220, 62600, 75570, 89238, 103665, ]
Humidifier [ 56967, 71254, 84261, 99263, 141342, ]
LEDLamp [ 50342, 64722, 77692, 91359, ]
LEDLamp [ 30976, 54685, 68972, 81977, 95653, ]
Kneader [ 36321, 49283, 63656, 76625, 107487, ]
Kneader [ 15088, 40622, 53620, 67905, 80912, ]
FluorescentLamp [ 10086, 24955, 78756, 100327, 118174, 122080, 146057, ]
FluorescentLamp [ 5822, 19364, 38447, 94542, 113893, 129666, ]
Cycle number:	 149268
Prepare time:	 2958.7230682373047
Classification time:	 5362.16926574707
