python ./Predict.py ../../../dataset/CreateDataSet/ 5
IncandescentBulb [[0, 5172], [46327, 57614], [66762, 77615], [93932, 101312], [106581, 129200], [133989, 139091]]
ElectricCooker [[0, 12382], [26902, 53278], [71044, 87026], [91405, 96484], [110853, 124787], [148876, 10000000]]
InductionCooker [[0, 490], [10262, 14919], [24384, 29504], [38177, 43648], [80209, 136559], [146359, 10000000]]
Stirrer [[7720, 10000000]]
SmartScreen [[0, 10000000]]
Television [[0, 4102], [42377, 97572], [107696, 111935], [121603, 125864], [135488, 140173], [149973, 10000000]]
Washer [[1560, 8783], [21188, 25643], [37086, 45213], [52171, 65698], [76554, 81270], [92875, 130407]]
MicrowaveOven [[0, 2543], [2837, 5835], [6132, 9133], [9425, 12424], [12717, 15719], [16006, 19005], [19296, 20123], [41039, 44038], [44330, 47330], [47622, 48976], [59741, 62730], [63022, 64634], [75439, 78441], [78735, 81733], [82032, 82759], [89154, 92155], [92443, 95441], [95734, 98734], [99031, 102031], [102323, 104263], [115280, 118278], [118564, 120490], [131697, 134695], [134991, 137992], [138285, 141251], [141512, 144511], [144800, 147799], [148091, 10000000]]
AirHeater [[33804, 51108], [55397, 68919], [73271, 84896], [98639, 108728], [112992, 122658], [126928, 141204]]
ElectricKettle [[0, 11322], [16383, 30615], [34916, 47886], [60793, 69986], [74348, 83831], [88086, 103022], [145210, 10000000]]
Monitor [ ]
Monitor [ ]
Humidifier [ 6657, 28219, 56508, 67858, 95024, ]
Humidifier [ 18635, 39539, 63541, 90344, 116524, ]
LEDLamp [ 13842, 58670, 123725, ]
LEDLamp [ 32742, 54337, 72161, 109789, ]
Kneader [ ]
Kneader [ ]
FluorescentLamp [ 91325, ]
FluorescentLamp [ ]
Cycle number:	 150994
Prepare time:	 3191.659927368164
Classification time:	 5270.704030990601
