python ./Predict.py ../../../dataset/CreateDataSet/ 7
IncandescentBulb [[0, 10000000]]
ElectricCooker [[0, 10000000]]
InductionCooker [[0, 10000000]]
Stirrer [[0, 42830]]
SmartScreen [[0, 32640], [44025, 54110], [65506, 80641], [87631, 92008], [113946, 118288], [140876, 10000000]]
Television [[6179, 14853], [27078, 42829], [50627, 55669], [77152, 82190], [102101, 141822]]
Washer [[29233, 84309], [93547, 97792], [106383, 110623], [119824, 125405], [133930, 139676]]
MicrowaveOven [[0, 10000000]]
AirHeater [[0, 10000000]]
ElectricKettle [[10556, 66433], [86435, 90772], [99911, 104248], [112748, 117048], [127530, 131800]]
Monitor [ 7253, 7563, 35374, 51827, 69792, 89771, 105449, 145696, ]
Monitor [ 1543, 7453, 12633, 28149, 46031, 63098, 63253, 76035, 76192, 100976, 115970, 146055, ]
Humidifier [ 12712, 31413, 52904, 68589, 114904, 144002, ]
Humidifier [ 8410, 24917, 38565, 64307, 79409, 136207, ]
LEDLamp [ 17023, 34169, 57793, 88561, 146126, ]
LEDLamp [ 2633, 22636, 47111, 62036, 74969, ]
Kneader [ 21569, 41743, 60974, 85369, 98852, 111685, ]
Kneader [ 37367, 56732, 71774, 94604, 107440, 126470, ]
FluorescentLamp [ 73909, 83249, 109563, 147195, ]
FluorescentLamp [ 58853, 78216, 96732, 132866, ]
Cycle number:	 148243
Prepare time:	 4656.418085098267 ms
Classification time:	 5309.8108768463135 ms
