python ./Predict.py ../../../dataset/CreateDataSet/ 8
IncandescentBulb [[2885, 12501], [17508, 26525], [30803, 39321], [45359, 55641], [59918, 96955]]
ElectricCooker [[0, 5536], [10107, 19754], [24431, 32926], [37180, 49227], [53476, 78653], [133281, 10000000]]
InductionCooker [[35062, 57793], [64646, 76527], [80790, 92258], [99098, 105507], [119152, 130753], [135830, 147853]]
Stirrer [[2883, 51347], [67164, 71838], [85086, 90131], [101254, 114429], [123419, 128584], [138360, 143133]]
SmartScreen [[0, 10000000]]
Television [[0, 21177], [27621, 38260], [44301, 56723], [63550, 70781], [84021, 95895], [100195, 110841], [148957, 10000000]]
Washer [[25465, 36120], [46415, 58857], [75457, 81852], [86553, 108691], [113369, 134747]]
MicrowaveOven [[761, 3761], [4054, 7053], [7345, 10242], [10530, 13361], [13654, 16654], [16947, 19915], [20170, 22271], [62454, 65455], [65750, 68749], [69044, 72042], [72333, 74387], [82925, 85924], [86220, 89218], [89510, 92511], [92801, 94810], [109764, 112762], [113053, 116054], [116347, 117013], [121288, 124288], [124581, 127580], [127866, 130868], [131158, 134161], [134448, 137449], [137740, 140741], [141026, 144027], [144318, 145717]]
AirHeater [[14982, 28680], [41446, 69691], [87608, 103375], [107631, 111901], [126066, 140609]]
ElectricKettle [[6595, 31861], [52411, 68226], [73298, 77592], [91190, 104435], [127121, 142069]]
Monitor [ ]
Monitor [ ]
Humidifier [ 9048, 23372, 115524, 129681, 144628, ]
Humidifier [ 4476, 18699, 61108, 125006, 139548, ]
LEDLamp [ 40382, 118077, 146785, ]
LEDLamp [ 98015, 122357, 136894, ]
Kneader [ ]
Kneader [ ]
FluorescentLamp [ 11465, 132216, ]
FluorescentLamp [ 16045, 63327, 134570, ]
Cycle number:	 150006
Prepare time:	 3479.4063568115234 ms
Classification time:	 5056.874752044678 ms
