python ./Predict.py ../../../dataset/CreateDataSet/ 9
IncandescentBulb [[0, 3700], [35495, 126795], [62145, 138568], [148831, 10000000]]
ElectricCooker [[14518, 18768], [24457, 40409], [53632, 77870], [93327, 108297], [133592, 153094]]
InductionCooker [[0, 6230], [64709, 75344], [80430, 90802], [95490, 106172], [110458, 119705], [124271, 10000000]]
Stirrer [[21927, 68172], [72814, 82574], [87631, 99747], [104032, 112590], [116925, 144549]]
SmartScreen [[5288, 6648], [7126, 20400], [34567, 38879], [50567, 88861], [111662, 118158], [130550, 134832], [147901, 154329]]
Television [[0, 10000000]]
Washer [[0, 10000000]]
MicrowaveOven [[1554, 4554], [4845, 7845], [8138, 10231], [16650, 19651], [19944, 22943], [23230, 26231], [26518, 29517], [29808, 32809], [33101, 33364], [44680, 47680], [47969, 49366], [60023, 63022], [63314, 66311], [66610, 69610], [69901, 72899], [73192, 76192], [76485, 79484], [79771, 82771], [83068, 86069], [86360, 89360], [89653, 92654], [92941, 95940], [96233, 99234], [99532, 101907], [122105, 125106], [125405, 128403], [128701, 129345], [140705, 143706], [143993, 146702]]
AirHeater [[0, 12368], [26981, 37613], [42528, 51496], [55761, 70697], [114717, 131472], [136362, 150949], [155858, 10000000]]
ElectricKettle [[0, 10000000]]
Monitor [ 54734, 54873, 55044, 79148, 100955, ]
Monitor [ 54808, 54934, 63614, 63772, 78935, 94391, 109359, 152014, 152167, ]
Humidifier [ ]
Humidifier [ ]
LEDLamp [ ]
LEDLamp [ ]
Kneader [ 56821, 71757, 86563, 102968, 132532, ]
Kneader [ 36553, 61082, 76804, 91864, 107233, ]
FluorescentLamp [ 31873, 105098, 145615, ]
FluorescentLamp [ 480, 2833, 41468, 120768, 139627, ]
Cycle number:	 156903
Prepare time:	 4108.773708343506 ms
Classification time:	 5106.114387512207 ms
