python ./Predict.py ../Datasets 1
IncandescentBulb [[481, 5789], [23955, 34374], [37581, 43691], [46018, 49611], [55361, 58535], [64927, 70246]]
ElectricCooker [[1534, 3660], [10327, 30764], [39037, 41158], [48550, 50670], [56414, 62789], [67060, 69185]]
InductionCooker [[4732, 6859], [17141, 36518], [42634, 47089], [53204, 60668], [63865, 65999]]
Stirrer [[2603, 10000000]]
SmartScreen [[0, 10000000]]
Television [[0, 10000000]]
Washer [[0, 10000000]]
MicrowaveOven [[8207, 11206], [11496, 12885], [15011, 18010], [18302, 19696], [21831, 24831], [25130, 26507], [28647, 31647], [31938, 33312], [35449, 38447], [38738, 41738], [42027, 45026], [45060, 48061], [48349, 51349], [51642, 54293]]
AirHeater [[9268, 11791], [16067, 18602], [22892, 25413], [29705, 32224], [44750, 71306]]
ElectricKettle [[0, 10000000]]
Monitor [ ]
Monitor [ ]
Humidifier [ ]
Humidifier [ ]
LEDLamp [ ]
LEDLamp [ ]
Kneader [ ]
Kneader [ ]
FluorescentLamp [ ]
FluorescentLamp [ ]
Cycle number:	 72336
Prepare time:	 2646.047353744507 ms
Classification time:	 2634.709596633911 ms
