python ./Predict.py 6
IncandescentBulb [[0, 9424], [48099, 69289], [78125, 88788], [94245, 105521], [112185, 120416], [136789, 148659], [154748, 10000000]]
ElectricCooker [[4086, 20146], [62810, 80252], [84491, 91576], [92107, 98506], [102747, 114724], [130376, 141487], [146531, 157238]]
InductionCooker [[6648, 11955], [33394, 75360], [86662, 96384], [107660, 125199], [134261, 138938]]
Stirrer [[26534, 127874], [144013, 10000000]]
SmartScreen [[0, 7887], [66227, 76598], [81446, 90026], [95440, 103992], [108857, 118475], [124261, 10000000]]
Television [[0, 10000000]]
Washer [[0, 10000000]]
MicrowaveOven [[0, 2920], [3209, 6208], [6496, 9497], [9788, 12788], [13076, 15852], [24413, 27414], [27706, 29109], [39015, 42014], [42308, 43715], [53730, 56731], [57024, 58422], [67170, 70171], [70463, 73227], [110066, 113066], [113353, 116354], [116653, 119651], [119948, 122949], [123247, 126245], [126542, 129544], [129835, 132835], [133127, 136128], [136421, 139420], [139710, 142710], [143005, 146005], [146297, 149296], [149593, 152561], [152849, 155815], [156116, 10000000]]
AirHeater [[17979, 22266], [31258, 35525], [45976, 50218], [60569, 65033], [92005, 151306]]
ElectricKettle [[0, 10000000]]
Monitor [ ]
Monitor [ ]
Humidifier [ ]
Humidifier [ ]
LEDLamp [ ]
LEDLamp [ ]
Kneader [ 21207, 40078, 79188, 91776, 106582, 155772, ]
Kneader [ 16915, 25471, 54788, 93172, 135322, ]
FluorescentLamp [ 68229, 83431, 97450, 111123, 145071, ]
FluorescentLamp [ 47035, 74281, 87725, 101687, ]
Cycle number:	 158246
Prepare time:	 4889.464855194092
Classification time:	 4858.196020126343
